DEPSB
 
84223277
59985714
09932929
27480552
47133318
70898825
39057730
28906943
13857569
38471844
01541054
85960563
62929806
21904937
24030436
29726385
58249259
57434488
67410978
06262915
06616483
65555924
92001955
35061100
50685900
06076350
04629101
05856438
15448191
42154039
68563651
72124467
89932414
70124941
01449677
05799254
22057164
41730509
61251625
15235825
79752423
98103569
53083269
83921117
80093056
83798953
43069868
58165141
96922939
27070140
06148161
50805636
34425941
78781842
95255515
55007300
71861564
92319772
36180932
84125479
21330230
50718736
29389245
38667588
92032087
59521656
20481549
51155777
16099517
27714131
41822354
86885052
14275705
35276234
78139031
26265751
44270464
95293155
37126588
08458520
22340936
02767826
48423183
89520063
53402389
54979624
11704650
45257001
06496535
98295395
48437405
19730567
20979661
70164307
62522858
93344295
96902203
16121448
82235434
89455668
49104185
67684454
59929043
07427332
91849708
15988791
49923841
92038164
47481916
53644909
81032524
40572098
70357572
03712303
25356315
12094664
75408227
15961341
06818817
79907761
94930852
62497692
64176477
92215719
09592470
83020545
85054807
01074679
71946666
86946666
92807661
63592366
41845564
08546060
95428298
51583242
85141456
97575224
34005650
95165820
26963781
42878591
90725141
49230046
15014813
78412094
12459886
09208829
88107958
06513789
97433534
47488783
72287064
18919670
12606487
99924845
55278273
69061245
56628874
80296662
18072671
96276589
83697545
26061364
25114485
57669510
26746395
81041920
58840844
50014424
58147116
82259135
45624285
27694186
30350764
75305242
73246512
38275740
27933348
91692114
52456173
04151375
08549530
72472458
21043194
80975461
45234768
82086391
45677032
40598913
25146184
06862515
71283288
62910222
18945950
17078295
62838112
05328401
63939611
29746679
79273872
42692335
53638826
46969622
21981066
36696563
57848603
32621712
02628934
59208656
73254125
22219099
89049784
62270865
75798561
59824454
14568980
55747114
83900827
63450844
52393993
72088989
64617098
52334083
09624519
70697330
66848860
81934884
11319768
06109569
08393821
68943800
00486616
41662157
72498038
11481240
99290924
14691791
27567461
29945889
53475788
42160505
67736488
64329878
68083877
