DIVSW
 
35007339
31583157
76349795
24030436
58249259
63431355
06262915
38417710
81140337
78229011
48134919
63942313
05908079
37578219
90395330
61038310
06368350
04629101
15448191
00390249
91652703
48243224
89274541
79975738
70124941
89200634
22057164
93412635
15895329
43574829
51553759
17779474
00072813
34425941
78781842
85067417
66914308
50718736
38961951
42351679
58214237
20481549
75883411
07388240
21907882
71825368
86885052
75689427
14275705
60582319
66566684
69115992
11214188
79429062
52115428
26265751
15507433
08458520
09871834
57113502
02767826
56235694
43345262
80186168
48423183
45257001
15625502
06496535
30559442
85226154
73202779
13296418
50690523
98520779
21529912
67684454
28934597
07427332
13792951
91849708
67179903
33597157
81032524
77584477
95115191
70117691
83020545
55374455
55143456
23467970
41845564
44219520
05819921
95165820
79572108
70547312
61302493
81325269
78412094
12459886
06513789
02766554
95193471
18919670
98286786
24965982
99924845
18026005
57708390
33214192
43527184
28757357
62215196
93351158
80085471
18072671
75638619
34823772
06267576
25013038
68500989
44447390
54517239
45817827
75735984
22681154
44021295
49386415
05095717
50014424
46384688
23777292
78969234
48994250
09674302
75305242
33327656
13980970
92005953
18896425
08549530
72472458
91361309
80975461
71138367
40598913
16524533
73973361
30802877
76402494
43670605
85780773
01337030
05328401
75912028
04808522
42692335
23442998
57848603
81486082
32621712
52192312
22801655
46365840
65683593
31390898
30644351
82888021
52393993
54229031
75435558
09556892
52334083
97687375
81291583
66848860
81934884
07316105
08393821
00486616
72498038
08387562
11787552
29945889
03287446
88601124
68184315
42160505
64329878
57599985
53749950
36401782
