DIVID
 
27480552
28906943
60701185
42671599
01541054
85960563
14501251
21904937
76988571
01435975
29726385
29373928
65555924
92001955
94322202
78768107
16585963
47273022
52327467
74734491
93152259
42154039
20801704
85315226
92322166
01647784
53083269
24387137
80093056
83798953
11165233
78428582
54370473
37885527
36180932
64861898
39454414
98130727
29389245
38667588
96415510
35148581
31403633
52818407
00406267
27714131
43268750
11451252
27485698
82903294
34109694
84383814
48848609
45067683
48437405
92557253
70164307
53818611
49104185
51758515
59929043
89348475
42873047
42006354
49089499
09688883
01326998
77908162
07235246
29412315
98236733
89691457
52763588
44717649
02194866
42134316
79907761
94930852
51449725
94270421
64176477
92215719
28996834
88316167
85054807
64883100
50990711
92807661
51463100
63407714
14319912
35407765
05475511
63456799
17799663
85141456
48222995
73630801
49230046
15014813
70025907
08251897
60461424
97433534
20321860
72287064
49945350
87889417
41176834
12606487
55278273
64535094
28950535
66060899
45289451
55227814
96276589
14833557
79825131
93383950
57669510
26746395
81041920
18166043
92064334
55567455
17245198
71417643
45624285
14826754
39900764
79024215
89661100
70254510
42700452
97065206
58256348
19007031
64223212
52456173
57661362
59415961
19615949
75581209
21043194
27054697
45677032
08077534
34234228
54512451
00089602
91184547
62910222
35813445
18945950
14335535
29544144
56544913
23304790
04443887
78339600
18435531
08573983
21981066
02577027
30862482
36696563
88586222
22219099
15472939
14568980
45994507
38526646
09624519
92370319
68943800
83390917
75433318
61639589
21488015
59267113
04652719
70369149
72389558
45005895
04548596
30119321
03177922
