DEPNA
 
22106203
42747113
34987404
61337742
60701185
93577449
56417646
26221651
93312728
14501251
30977565
41668376
27656975
63431355
01750166
76053257
81140337
29373928
94322202
63942313
02686719
93271133
05908079
78768107
16585963
97025846
40921160
25106900
24659738
08652142
25995624
98771763
48243224
31385946
20801704
15781900
20634690
92322166
64989372
02752038
93412635
68035426
30589944
83775942
43574829
40087834
78428582
00072813
84009268
39454414
66914308
78695635
75281791
96415510
35148581
83631781
52818407
21907882
11451252
75689427
60634538
66566684
27485698
26072154
15600659
21480742
09871834
60925821
41724747
71263947
56235694
43345262
65828277
87716031
20948273
13866751
22849105
13296418
35691618
91772314
21529912
72673077
89348475
38061411
43537981
49601337
56221463
34234924
06626961
94931285
89337870
42006354
45077310
87349760
06284083
59177112
37879320
52763588
55917680
42260219
02194866
88704778
89903320
35281507
83817097
72196786
80479695
66487629
87181043
64883100
71497069
13212662
68979894
63456799
17799663
05819921
49326865
94301752
42271011
41680638
14426807
79572108
59526293
70547312
73630801
70069892
11022942
62245741
05181293
88162042
70025907
30463614
60461424
98286786
24965982
87889417
33125065
64535094
18026005
01901573
28757357
45289451
55227814
75638619
13412335
59293830
54517239
73326347
18166043
62342263
22681154
44021295
49386415
46384688
92064334
77749887
19627494
23777292
71417643
78871330
18728182
95343266
79024215
78400422
70254510
42399898
97065206
83157165
04884698
92005953
19007031
64223212
71234745
88295422
70298314
35090497
82678455
91361309
71138367
77722368
34234228
46202009
54512451
57495838
21653280
35813445
04079035
14335535
37139976
45187116
56544913
44424291
75912028
15214245
04808522
23304790
61592621
25814673
61416442
18435531
69885014
23442998
30862482
57215306
81486082
25550166
52192312
56507616
22801655
88586222
80114263
37052120
30644351
15472939
09556892
04030709
38526646
92370319
83390917
09957495
24148643
59267113
72389558
45005895
86813507
94230722
54147014
03177922
64758188
32871135
