DEPSM
 
92208281
81654110
53128371
52021319
47456640
76988571
01435975
30127895
84831281
78229011
21299593
57533988
54995481
84555746
66512936
37578219
09591255
61038310
75179168
49350782
16738292
12165882
02767383
74734491
05077483
91652703
89274541
00165585
89200634
41612775
79930399
53654513
53145463
70807421
14622657
57674390
20286478
24646291
11165233
51553759
09209246
20735588
14552513
01695807
85067417
60367038
37870641
46791239
85318328
36508936
13362184
85952820
60756404
03776301
02364583
38961951
58363325
58214237
31403633
75883411
51499154
94938269
54485785
42485603
20221128
07388240
41240199
43268750
45961327
60582319
57252587
04377592
93826019
79429062
24232924
82903294
46982091
19110418
35606832
73904125
57113502
84383814
25088095
60324531
20574946
48848609
73627015
15625502
53287648
67671462
30559442
92557253
50690523
10270436
53818611
57886962
98520779
51758515
02179894
13792951
18628801
77139411
34580287
50426404
67179903
15768666
98704295
14408859
89975306
85969193
47131460
49089499
21215991
01326998
89691457
44717649
42134316
37950733
97755602
15584428
08813846
55107312
49063799
42426223
96301325
28996834
18690851
88316167
09754580
55374455
13271663
58423717
51463100
63407714
22700790
05475511
75789657
92554178
67996996
69647349
68009968
61302493
08251897
27446688
76558317
65412819
02766554
04901911
95193471
64313402
42750643
51137404
32730408
66060899
33214192
43527184
62215196
93351158
22527953
63465289
06267576
12963913
95927887
81838691
68500989
96934094
93383950
52762600
29168333
44447390
45817827
98191338
92581032
33585968
75735984
03594828
49091653
32663278
14383853
14826754
91451973
83506013
04899097
25892650
06890648
89661100
58059456
33327656
59119414
96191821
18896425
35117809
59415961
19615949
75581209
37230169
02381627
50413996
18891846
28665622
96159961
19955803
16524533
73973361
30802877
27386662
00089602
28249068
91184547
25691581
76402494
29544144
04443887
92253494
78339600
44176080
40703115
08573983
02577027
76189659
05993657
19285781
41056413
31390898
75028722
45451382
58603598
85353564
45994507
66085382
59340270
86026255
41591133
53731511
13405376
57795347
32145935
97203175
49369875
75433318
08387562
96763927
05966897
80045664
04652719
64246794
70369149
52871296
62727032
71498063
88601124
34055044
64099046
92239734
30119321
71515940
57599985
53749950
09773355
76738547
