DIVNA
 
22106203
42747113
09932929
47133318
53128371
61337742
13857569
26221651
22701702
62929806
52021319
47456640
30127895
76053257
84831281
47581630
34492282
21299593
02686719
09591255
78615247
88767671
06076350
08652142
05077483
25995624
98771763
31385946
68563651
41612775
53145463
20634690
83246072
39238204
68035426
57674390
20286478
58165141
20735588
35776586
37870641
71861564
85318328
60756404
02364583
92032087
83631781
94938269
51155777
42485603
20221128
16099517
41822354
92073246
77360445
46982091
22340936
40147718
76776020
33777906
65828277
20948273
98295395
67671462
06786313
20979661
93344295
89211555
99972199
91772314
82235434
02179894
05345881
92038164
47481916
47131460
40572098
78902780
70357572
93550173
03712303
12094664
87349760
49166656
32681474
40075395
23053492
88704778
97755602
48585479
35281507
15584428
42942794
55107312
83817097
09592470
80479695
64796136
87181043
71497069
13212662
18072799
71946666
92566079
11755360
29903326
11430602
08546060
95428298
51583242
42271011
97420669
69647349
38193734
41680638
97575224
26963781
42878591
09208829
40608627
04901911
11781501
64313402
33125065
46726172
69061245
32730408
25946017
12963913
18541025
26061364
96311078
96934094
59293830
51048782
29168333
98191338
92581032
33585968
98023227
89921035
77749887
49091653
82259135
04899097
26358355
06890648
27943886
48917689
58059456
04884698
85827148
27933348
91692114
96191821
04151375
88295422
70298314
68574068
96159961
46202009
57495838
21653280
28249068
71283288
99870565
04079035
61843173
17078295
15214245
63939611
29746679
25814673
44176080
53638826
46969622
57215306
05993657
03284265
89049784
62975474
80114263
37052120
11630392
58603598
82008521
01761307
72088989
40319875
12566574
88920476
11319768
06109569
32145935
11481240
49369875
96763927
65311514
99290924
14691791
62727032
71498063
64099046
