DIVSER
 
42903135
92986639
81654110
70898825
93577449
93312728
72465983
30977565
04738109
41668376
27656975
67139055
57434488
67410978
26292712
93271133
84555746
90187085
50685900
31301463
24659738
05856438
89932414
01449677
15781900
05799254
00509525
79752423
14622657
83921117
30589944
43069868
38403880
96922939
40087834
01695807
27070140
50805636
95255515
18863842
55007300
46791239
84009268
80134564
00663836
85952820
03776301
84125479
59521656
51499154
41240199
45961327
04377592
15600659
37126588
21480742
27771002
19110418
41724747
71263947
89520063
53402389
54979624
11704650
87716031
24905464
25088095
60324531
73627015
13866751
62522858
56447723
35691618
57886962
16121448
87750580
72673077
77139411
38061411
49601337
06626961
94931285
98704295
89337870
85969193
53644909
45077310
25356315
59177112
42036634
42260219
89903320
08813846
24902141
62497692
98356457
49063799
96301325
66487629
09754580
01074679
58423717
63592366
75789657
94301752
34005650
90725141
68009968
62245741
27446688
76558317
65412819
50278354
01901573
51137404
59175643
27810846
56628874
80296662
74210908
26379463
63465289
13412335
83697545
95927887
62342263
71397791
88186927
03594828
10238181
78871330
14383853
18728182
83506013
95343266
78400422
12811792
42399898
72225132
38275740
66103321
77964885
02381627
45234768
77722368
28665622
19955803
27386662
56459166
25691581
37139976
99281722
57254023
79273872
40703115
69885014
59147139
19285781
59208656
73254125
62270865
75798561
23800696
75028722
45451382
55747114
83900827
63450844
85353564
64617098
66085382
04030709
09225716
86026255
70697330
40244355
53731511
13405376
57795347
09957495
24148643
80045664
27567461
86312943
94230722
92239734
54147014
40982842
64758188
09773355
22671082
