DEPSA
 
36919562
92986639
42671599
35007339
31583157
22701702
76349795
72465983
04738109
67139055
38417710
41722684
26292712
46253568
47581630
48134919
10056845
61107725
34492282
71361388
90187085
90395330
78615247
88767671
06368350
47273022
31301463
52327467
02185774
00390249
93152259
79975738
82156367
27519889
85315226
00509525
01647784
83246072
39238204
24387137
67622700
15895329
38403880
25836882
17779474
35776586
63216593
18863842
34283567
54370473
88793770
37885527
80134564
64861898
00663836
98130727
93211130
42351679
75218271
93391946
88688251
00406267
98724794
71825368
92073246
77360445
69115992
11214188
18320147
52115428
66312837
15507433
27771002
34109694
40147718
32992667
32457092
76776020
80186168
33777906
24905464
26240649
45067683
95306206
85226154
06786313
73202779
56447723
89211555
99972199
01064816
80311764
87750580
28934597
05345881
42873047
33597157
14436572
78247266
09688883
53554950
78902780
77584477
77908162
07235246
93550173
49166656
29412315
32681474
98236733
40075395
23053492
42036634
95115191
75444689
48585479
51449725
42942794
94270421
24902141
98356457
70117691
64796136
43475911
18072799
55143456
50990711
92566079
23467970
11755360
14319912
29903326
11430602
35407765
49873804
44219520
97420669
80499298
38193734
48222995
81325269
40608627
50278354
20321860
11781501
49945350
46726172
41176834
57708390
28950535
00564767
59175643
27810846
04006094
74210908
80085471
26379463
34823772
25946017
33982961
18541025
25013038
96311078
14833557
79825131
01506337
51048782
14171447
71397791
98023227
88186927
89921035
05095717
10238181
55567455
17245198
78969234
39900764
48994250
25616962
26358355
12811792
26091448
09674302
31741612
27943886
48917689
42700452
72225132
13980970
85827148
26399019
58256348
66103321
77964885
57661362
19140844
27054697
68574068
08077534
56459166
99870565
61843173
43670605
85780773
01337030
99281722
57254023
47310305
40185496
81697621
30645318
72707718
59147139
30333820
41561133
03284265
67109813
93736509
46365840
65683593
62975474
85352749
23800696
11630392
82008521
01761307
82888021
54229031
75435558
40319875
09225716
80996377
12566574
88920476
97687375
43640765
81291583
07316105
10487477
40244355
87683069
11787552
61639589
21488015
65311514
86312943
03287446
14560602
04548596
68184315
00822995
34589773
40982842
44138792
22671082
36401782
