DIVHW
 
92208281
36919562
39057730
56417646
38471844
01750166
06616483
41722684
46253568
10056845
61107725
71361388
57533988
54995481
66512936
75179168
49350782
97025846
40921160
35061100
16738292
25106900
12165882
02185774
02767383
72124467
00165585
82156367
27519889
41730509
79930399
61251625
15235825
53654513
70807421
64989372
02752038
98103569
67622700
83775942
24646291
25836882
09209246
14552513
06148161
63216593
34283567
60367038
88793770
92319772
36508936
13362184
78695635
93211130
21330230
75281791
75218271
58363325
93391946
88688251
54485785
98724794
60634538
57252587
35276234
78139031
93826019
18320147
24232924
26072154
44270464
66312837
95293155
60925821
35606832
73904125
32992667
32457092
20574946
26240649
95306206
22849105
53287648
19730567
96902203
10270436
01064816
80311764
89455668
18628801
34580287
50426404
43537981
15988791
56221463
34234924
49923841
15768666
14436572
14408859
89975306
78247266
21215991
53554950
06284083
37879320
75408227
15961341
55917680
06818817
37950733
75444689
72196786
42426223
18690851
43475911
86946666
13271663
68979894
22700790
49873804
92554178
67996996
49326865
80499298
14426807
59526293
70069892
11022942
05181293
88162042
88107958
30463614
47488783
42750643
00564767
04006094
22527953
33982961
81838691
01506337
25114485
52762600
14171447
73326347
58840844
58147116
19627494
32663278
91451973
27694186
25616962
25892650
30350764
26091448
31741612
73246512
83157165
26399019
59119414
71234745
35117809
35090497
37230169
50413996
82678455
18891846
19140844
82086391
25146184
06862515
62838112
45187116
44424291
47310305
40185496
61592621
92253494
61416442
81697621
30645318
76189659
72707718
25550166
30333820
02628934
41561133
56507616
67109813
93736509
41056413
85352749
59824454
59340270
80996377
43640765
41591133
10487477
41662157
97203175
87683069
05966897
64246794
52871296
53475788
14560602
86813507
34055044
67736488
00822995
34589773
44138792
71515940
32871135
68083877
76738547
